0 54 2
0 61 1
1 3 9
1 22 6
1 37 43
1 42 11
1 50 17
1 52 47
1 54 73
1 61 24
1 126 37
1 14 1
1 15 1
1 102 3
1 103 35
1 114 56
1 44 8
1 4 2
1 58 9
1 9 7
1 33 7
1 36 6
1 64 2
1 85 2
1 17 30
1 25 2
1 27 24
1 40 3
1 51 2
1 57 39
1 67 7
1 77 4
1 84 35
1 99 4
1 110 5
1 32 1
1 119 1
1 69 4
1 96 1
1 101 2
1 2 6
1 38 16
1 71 6
1 111 17
1 39 8
1 47 1
1 78 4
1 112 3
1 124 13
1 23 1
1 41 2
1 53 2
1 35 4
1 65 2
1 8 1
1 118 1
1 26 2
1 87 3
1 7 1
1 10 5
1 11 3
1 28 2
1 29 1
1 30 2
1 31 1
1 49 2
1 59 1
1 75 2
1 79 9
1 80 2
1 108 1
1 68 2
1 109 1
1 34 2
1 122 2
1 43 1
1 63 1
1 70 1
1 73 1
1 74 1
1 81 2
1 91 1
1 82 1
1 92 1
1 100 1
1 83 1
1 90 1
1 5 20
1 12 15
1 13 3
1 16 3
1 21 1
1 93 5
1 120 2
1 123 2
1 19 30
2 38 4
2 71 5
2 111 6
2 39 3
2 47 1
2 78 1
2 112 1
2 124 5
2 8 1
2 118 1
2 68 1
2 109 1
2 54 1
3 22 4
3 37 7
3 42 3
3 50 4
3 52 5
3 54 7
3 61 1
3 126 4
3 9 2
3 33 2
3 36 2
3 64 1
3 85 1
3 69 2
3 96 1
3 101 2
3 43 1
3 63 1
3 70 1
3 73 1
3 74 1
3 122 1
3 81 1
4 58 1
5 12 37
5 123 5
5 22 7
5 37 27
5 42 16
5 50 19
5 52 49
5 54 53
5 61 33
5 126 28
5 18 1
5 95 1
5 97 1
5 98 1
5 113 1
5 116 1
5 14 2
5 15 3
5 102 4
5 103 20
5 114 43
5 56 1
5 88 4
5 16 6
5 60 3
5 94 2
5 13 3
5 21 1
5 93 6
5 120 3
5 44 6
5 58 5
5 9 4
5 33 4
5 36 2
5 64 1
5 85 1
5 17 19
5 25 1
5 27 11
5 40 2
5 51 1
5 57 19
5 67 4
5 77 2
5 84 18
5 99 2
5 110 3
5 32 1
5 119 1
5 69 5
5 96 1
5 101 2
5 38 8
5 71 3
5 111 9
5 66 2
5 86 1
5 89 1
5 107 2
5 118 3
5 19 38
5 20 1
5 45 1
5 46 1
5 48 1
5 115 5
5 8 1
5 26 2
5 87 3
5 105 4
5 62 3
5 104 3
5 117 1
5 7 1
5 10 4
5 11 2
5 28 1
5 29 1
5 30 1
5 31 1
5 49 1
5 59 1
5 75 1
5 79 6
5 80 2
5 108 1
5 34 1
5 122 1
5 91 1
5 82 1
5 92 1
5 100 1
5 24 1
5 83 1
5 90 1
5 81 1
5 6 1
5 72 1
5 76 1
5 106 1
5 121 1
5 124 1
6 72 1
7 10 1
7 11 1
7 28 1
7 29 1
7 30 1
7 31 1
7 49 1
7 59 1
7 75 1
7 79 1
7 80 1
7 108 1
8 118 1
8 124 1
9 33 1
9 36 1
9 64 1
9 85 1
9 38 1
9 71 1
9 111 1
10 11 3
10 28 1
10 29 1
10 30 1
10 31 1
10 49 1
10 59 1
10 75 1
10 79 6
10 80 2
10 108 1
10 81 2
10 91 1
11 28 1
11 29 1
11 30 1
11 31 1
11 49 1
11 59 1
11 75 1
11 79 3
11 80 1
11 108 1
11 81 1
11 91 1
12 123 4
12 22 5
12 37 22
12 42 8
12 50 13
12 52 33
12 54 36
12 61 19
12 126 19
12 18 1
12 95 1
12 97 1
12 98 1
12 113 1
12 116 1
12 14 2
12 15 3
12 102 4
12 103 12
12 114 33
12 56 1
12 88 4
12 94 1
12 13 2
12 21 1
12 93 5
12 120 3
12 44 5
12 58 5
12 33 4
12 36 2
12 64 1
12 85 1
12 17 10
12 25 1
12 27 5
12 40 2
12 51 1
12 57 13
12 67 3
12 77 2
12 84 12
12 99 2
12 110 3
12 32 1
12 119 1
12 69 4
12 96 1
12 101 2
12 66 1
12 86 1
12 89 1
12 107 2
12 118 2
12 19 29
12 20 1
12 45 1
12 46 1
12 48 1
12 115 2
12 62 2
12 104 2
12 117 1
12 91 1
12 82 1
12 92 1
12 100 1
12 83 1
12 90 1
12 81 1
12 76 1
12 106 1
12 121 1
13 21 1
13 93 3
13 120 1
13 123 1
13 72 1
14 15 2
14 102 1
14 103 1
14 114 3
14 126 1
14 56 1
14 19 2
14 61 1
15 102 1
15 103 1
15 114 4
15 126 1
15 56 1
15 121 1
15 19 3
15 61 1
16 60 3
16 94 2
16 88 1
16 123 2
16 21 1
16 93 3
16 120 1
16 19 1
16 20 1
16 45 1
16 46 1
16 48 1
16 115 1
16 118 1
17 25 1
17 27 11
17 40 1
17 51 1
17 57 16
17 67 3
17 77 1
17 84 15
17 99 2
17 110 3
17 32 1
17 119 1
17 69 4
17 96 1
17 101 2
17 38 6
17 71 4
17 111 7
17 66 2
17 86 1
17 89 1
17 107 1
17 118 2
17 39 2
17 47 1
17 78 1
17 112 1
17 124 5
17 26 2
17 87 2
17 28 1
17 29 1
17 30 1
17 31 1
17 49 1
17 59 1
17 75 1
17 79 3
17 80 2
17 108 1
17 34 1
17 122 1
17 54 6
17 61 2
18 95 1
18 97 1
18 98 1
18 113 1
18 116 1
18 19 1
19 20 1
19 45 1
19 46 1
19 48 1
19 115 1
19 118 1
19 114 50
19 52 35
19 54 49
19 61 8
19 95 1
19 97 1
19 98 1
19 102 4
19 103 22
19 113 1
19 116 1
19 126 22
19 124 2
20 45 1
20 46 1
20 48 1
20 115 1
20 118 1
21 93 1
21 120 1
22 37 7
22 42 3
22 50 7
22 52 6
22 54 9
22 61 1
22 126 6
22 38 3
22 71 1
22 111 3
22 45 1
22 46 1
22 48 1
22 115 2
22 118 1
22 81 1
23 41 1
23 53 1
23 54 1
24 61 1
25 27 1
25 40 1
25 51 1
25 57 1
25 67 1
25 77 1
25 84 1
25 99 1
25 110 1
25 61 1
26 87 2
26 54 1
26 61 1
27 40 1
27 51 1
27 57 10
27 67 1
27 77 1
27 84 8
27 99 1
27 110 1
27 38 10
27 71 2
27 111 9
27 39 4
27 47 1
27 78 1
27 112 1
27 124 5
27 87 3
27 28 1
27 29 1
27 30 1
27 31 1
27 49 1
27 59 1
27 75 1
27 79 6
27 80 2
27 108 1
27 34 1
27 122 1
27 55 1
27 65 1
27 125 1
27 81 1
27 91 1
27 82 1
27 92 1
27 100 1
27 54 6
27 61 2
28 29 1
28 30 2
28 31 1
28 49 2
28 59 1
28 75 2
28 79 2
28 80 1
28 108 1
28 43 1
28 63 1
28 70 1
28 73 1
28 74 1
28 122 1
29 30 1
29 31 1
29 49 1
29 59 1
29 75 1
29 79 1
29 80 1
29 108 1
30 31 1
30 49 2
30 59 1
30 75 2
30 79 2
30 80 1
30 108 1
30 43 1
30 63 1
30 70 1
30 73 1
30 74 1
30 122 1
31 49 1
31 59 1
31 75 1
31 79 1
31 80 1
31 108 1
33 36 1
33 64 1
33 85 1
33 40 1
33 51 1
33 57 3
33 67 1
33 77 1
33 84 3
33 99 1
33 110 1
33 119 1
33 69 1
33 96 1
33 101 2
33 61 1
34 122 2
34 43 1
34 63 1
34 70 1
34 73 1
34 74 1
35 65 3
35 55 1
35 125 1
35 43 1
35 63 1
35 70 1
35 73 1
35 74 1
35 122 1
35 81 1
36 64 1
36 85 1
36 68 2
36 109 1
36 43 1
36 63 1
36 70 1
36 73 1
36 74 1
36 122 1
37 42 10
37 50 15
37 52 26
37 54 36
37 61 14
37 126 21
37 56 1
37 44 4
37 123 3
37 58 5
37 64 1
37 85 1
37 40 2
37 51 1
37 57 18
37 67 3
37 77 3
37 84 16
37 99 2
37 110 3
37 69 3
37 96 1
37 101 2
37 38 11
37 71 3
37 111 9
37 66 2
37 86 1
37 89 1
37 107 1
37 118 3
37 45 1
37 46 1
37 48 1
37 115 4
37 87 3
37 62 1
37 104 1
37 117 1
37 68 2
37 109 1
37 43 1
37 63 1
37 70 1
37 73 1
37 74 1
37 122 1
37 81 2
37 91 1
37 83 1
37 90 1
37 121 1
37 124 1
38 71 4
38 111 15
38 66 1
38 86 1
38 89 1
38 107 1
38 118 1
38 39 8
38 47 1
38 78 4
38 112 3
38 124 10
38 41 2
38 53 2
38 65 3
38 68 2
38 109 1
38 122 2
38 55 2
38 125 1
38 43 1
38 63 1
38 70 1
38 73 1
38 74 1
38 81 2
38 91 1
38 83 1
38 90 1
38 54 6
39 47 1
39 78 1
39 112 1
39 124 5
39 68 2
39 109 1
39 122 2
39 43 1
39 63 1
39 70 1
39 73 1
39 74 1
39 81 2
40 51 1
40 57 2
40 67 1
40 77 2
40 84 2
40 99 1
40 110 1
40 81 1
40 61 1
41 53 2
41 65 1
41 54 1
42 50 10
42 52 13
42 54 21
42 61 18
42 126 11
42 87 3
42 105 4
42 62 3
42 104 3
42 117 1
42 49 1
42 59 1
42 75 1
42 79 7
42 80 2
42 108 1
42 81 2
42 91 1
42 82 1
42 92 1
42 100 1
43 63 1
43 70 1
43 73 1
43 74 1
43 122 1
44 123 2
44 58 2
44 64 1
44 85 1
44 72 1
44 76 1
44 106 1
45 46 1
45 48 1
45 115 1
45 118 1
46 48 1
46 115 1
46 118 1
47 78 1
47 112 1
47 124 2
48 115 1
48 118 1
49 59 1
49 75 2
49 79 2
49 80 1
49 108 1
49 63 1
49 70 1
49 73 1
49 74 1
49 122 1
50 52 18
50 54 25
50 61 13
50 126 16
50 71 5
50 111 9
50 115 5
50 118 2
50 78 2
50 112 1
50 124 7
50 65 1
50 105 3
50 62 2
50 104 2
50 117 1
50 68 1
50 109 1
50 81 2
50 82 1
50 92 1
50 100 1
50 83 1
50 90 1
50 121 1
51 57 1
51 67 1
51 77 1
51 84 1
51 99 1
51 110 1
51 61 1
52 54 47
52 61 33
52 126 28
52 95 1
52 97 1
52 98 1
52 113 1
52 116 1
52 102 4
52 103 18
52 114 41
52 56 1
52 88 3
52 60 3
52 94 2
52 123 3
52 93 6
52 120 3
52 58 4
52 64 1
52 85 1
52 57 19
52 67 4
52 77 1
52 84 17
52 99 2
52 110 3
52 119 1
52 69 5
52 96 1
52 101 2
52 71 3
52 111 7
52 115 5
52 118 2
52 87 3
52 105 4
52 62 3
52 104 3
52 117 1
52 122 1
52 91 1
52 82 1
52 92 1
52 100 1
52 83 1
52 90 1
52 72 1
52 76 1
52 106 1
52 121 1
52 124 1
53 65 1
53 54 1
54 61 27
54 126 35
54 95 1
54 97 1
54 98 1
54 113 1
54 116 1
54 102 5
54 103 33
54 114 58
54 56 1
54 88 4
54 60 3
54 94 2
54 123 5
54 93 5
54 120 3
54 58 5
54 64 1
54 85 1
54 57 33
54 67 5
54 77 3
54 84 30
54 99 2
54 110 4
54 119 1
54 69 5
54 96 1
54 101 2
54 71 8
54 111 24
54 66 2
54 86 1
54 89 1
54 107 1
54 118 3
54 115 10
54 78 5
54 112 4
54 124 15
54 65 2
54 62 1
54 104 1
54 117 1
54 59 1
54 75 2
54 79 10
54 80 2
54 108 1
54 68 2
54 109 1
54 122 2
54 63 1
54 70 1
54 73 1
54 74 1
54 81 2
54 91 1
54 83 1
54 90 1
54 72 1
54 76 1
54 106 1
54 121 1
54 87 1
55 65 1
55 125 1
57 67 4
57 77 3
57 84 25
57 99 2
57 110 3
57 119 1
57 69 4
57 96 1
57 101 2
57 71 6
57 111 14
57 78 4
57 112 3
57 124 11
57 65 2
57 118 1
57 68 2
57 109 1
57 122 2
57 63 1
57 70 1
57 73 1
57 74 1
57 91 1
57 83 1
57 90 1
57 81 1
57 61 1
58 64 1
58 85 1
58 67 2
58 77 2
58 84 3
58 99 2
58 110 2
58 81 1
58 61 1
59 75 1
59 79 1
59 80 1
59 108 1
60 94 2
60 88 1
60 123 1
61 126 24
61 95 1
61 97 1
61 98 1
61 113 1
61 116 1
61 102 2
61 103 10
61 114 11
61 67 3
61 77 2
61 84 5
61 99 3
61 110 3
61 66 1
61 86 1
61 89 1
61 107 2
61 118 1
61 87 3
61 105 5
61 62 3
61 104 3
61 117 1
61 82 1
61 92 1
61 100 1
61 69 1
62 104 3
62 117 1
62 82 1
62 92 1
62 100 1
63 70 1
63 73 1
63 74 1
63 122 1
64 85 1
65 125 1
65 70 1
65 73 1
65 74 1
65 122 1
66 86 1
66 89 1
66 107 1
66 118 2
66 124 1
67 77 1
67 84 4
67 99 2
67 110 2
67 111 1
67 83 1
67 90 1
68 109 1
68 70 1
68 73 1
68 74 1
68 122 1
69 96 1
69 101 2
70 73 1
70 74 1
70 122 1
71 111 6
71 78 2
71 112 2
71 124 5
71 118 1
71 109 1
73 74 1
73 122 1
74 122 1
75 79 2
75 80 1
75 108 1
75 122 1
76 106 1
77 84 3
77 99 1
77 110 1
77 122 1
77 81 1
78 112 3
78 124 6
79 80 2
79 108 1
79 122 1
79 81 2
79 91 1
79 83 1
79 90 1
80 108 1
82 92 1
82 100 1
83 90 1
84 99 2
84 110 3
84 119 1
84 96 1
84 101 2
84 111 13
84 112 3
84 124 10
84 118 1
84 109 1
84 122 2
84 91 1
84 90 1
86 89 1
86 107 1
86 118 1
87 91 1
88 94 1
88 89 1
88 107 1
88 118 1
89 107 1
89 118 1
92 100 1
93 120 1
93 123 1
93 115 1
93 118 1
93 100 1
95 97 1
95 98 1
95 113 1
95 116 1
96 101 2
97 98 1
97 113 1
97 116 1
98 113 1
98 116 1
99 110 2
102 103 3
102 114 5
102 126 2
102 119 1
102 106 1
103 114 29
103 126 17
103 110 3
103 111 14
103 107 1
103 118 3
103 115 8
103 112 3
103 124 13
103 108 1
103 109 1
103 122 1
103 106 1
104 117 1
105 117 1
107 118 1
111 112 3
111 124 12
111 118 1
111 122 2
111 125 1
112 124 5
113 116 1
114 126 29
114 115 11
114 118 4
114 123 4
114 120 3
114 119 1
114 124 2
114 122 1
114 125 1
114 121 1
115 118 2
115 124 2
118 124 1
120 121 1
124 126 1
